I 225  65.0  37.44
I 180  60.0  35.15
I 180  72.0  24.41
I 120  55.0  27.89
M 70  1.56  28.76
M 80  1.6  31.25
M 55  1.78  17.36
M 87  2.04  20.91
M 90  1.82  27.17
M 76  1.51  33.33
M 87  1.96  22.65
M 55  2.05  13.09
M 71  1.98  18.11
M 99  1.64  36.81
M 89  1.84  26.29
M 56  1.52  24.24
M 76  1.58  30.44
M 77  1.71  26.33
M 63  1.53  26.91
M 81  1.81  24.72
M 83  1.79  25.9
M 58  1.69  20.31
M 72  1.92  19.53
M 76  1.83  22.69
M 70  1.56  28.76
M 80  1.6  31.25
M 55  1.78  17.36
M 87  2.04  20.91
M 90  1.82  27.17
M 76  1.51  33.33
M 87  1.96  22.65
M 55  2.05  13.09
M 71  1.98  18.11
M 99  1.64  36.81
M 89  1.84  26.29
M 56  1.52  24.24
M 76  1.58  30.44
M 77  1.71  26.33
M 63  1.53  26.91
M 81  1.81  24.72
M 83  1.79  25.9
M 58  1.69  20.31
M 72  1.92  19.53
M 76  1.83  22.69
M 100  1.9  27.7
M 79  1.75  25.8
I 200  70.0  28.69
M 90  1.8  27.78
M 70  1.56  28.76
M 80  1.6  31.25
M 55  1.78  17.36
M 87  2.04  20.91
M 90  1.82  27.17
M 76  1.51  33.33
M 87  1.96  22.65
M 55  2.05  13.09
M 71  1.98  18.11
M 99  1.64  36.81
M 89  1.84  26.29
M 56  1.52  24.24
M 76  1.58  30.44
M 77  1.71  26.33
M 63  1.53  26.91
M 81  1.81  24.72
M 83  1.79  25.9
M 58  1.69  20.31
M 72  1.92  19.53
M 76  1.83  22.69
